center_half_accuracy: 0.705718
condition_type: c1
condition_type_idx: 0
fpr: 0.329654
max_index:
- 1
- 3
n_std: -0.20000000000000007
overlap: 0.601424
overlap_false_positive_rate_sub_max: 0.27176999999999996
